  дата    время     T    Vh  Fi    vx     vy     vz      P     Hu
01.06.2022 18:04:54 9.068 0.459 286.8 -0.131 -0.435 0.038 713.1 67.3
01.06.2022 18:05:54 9.285 0.380 270.0 0.010 -0.376 -0.005 712.9 67.3
01.06.2022 18:06:54 9.379 0.446 274.8 -0.037 -0.443 -0.019 712.9 67.8
01.06.2022 18:07:54 9.278 0.479 294.2 -0.192 -0.427 0.076 712.9 67.7
01.06.2022 18:08:54 9.007 0.945 312.6 -0.638 -0.694 0.194 712.9 69.0
01.06.2022 18:09:54 9.195 0.822 308.5 -0.511 -0.643 0.208 712.9 71.5
01.06.2022 18:10:55 9.176 0.692 287.3 -0.205 -0.658 0.209 712.9 72.0
01.06.2022 18:11:55 8.888 1.290 279.9 -0.221 -1.271 0.459 712.9 72.7
01.06.2022 18:12:55 8.739 1.241 282.0 -0.257 -1.214 0.409 712.9 74.2
01.06.2022 18:13:55 9.197 0.916 275.1 -0.081 -0.909 0.290 712.9 75.2
01.06.2022 18:14:55 9.219 0.718 276.0 -0.075 -0.709 0.187 712.9 75.5
01.06.2022 18:15:55 8.803 0.532 266.4 0.033 -0.524 0.056 712.9 75.0
01.06.2022 18:16:55 10.430 0.206 123.0 0.074 0.114 -0.162 712.9 74.4
01.06.2022 18:17:55 10.408 0.372 101.7 0.061 0.294 -0.084 712.9 72.8
01.06.2022 18:18:56 9.465 0.238 29.0 -0.047 0.026 -0.055 712.9 71.1
01.06.2022 18:19:56 8.882 0.716 61.1 -0.343 0.623 -0.136 712.9 70.0
01.06.2022 18:20:56 8.536 1.546 43.7 -1.113 1.064 -0.207 712.8 70.0
01.06.2022 18:21:56 9.093 1.275 29.9 -1.078 0.620 -0.128 712.8 72.8
01.06.2022 18:22:56 9.918 0.924 353.3 -0.883 -0.104 0.032 712.8 72.9
01.06.2022 18:23:56 10.268 0.933 258.9 0.148 -0.755 0.155 712.8 72.6
01.06.2022 18:24:56 9.293 1.278 229.3 0.832 -0.968 0.355 712.8 72.6
01.06.2022 18:25:57 8.954 1.252 233.0 0.747 -0.990 0.254 712.8 73.8
01.06.2022 18:26:57 8.609 1.683 234.0 0.987 -1.360 0.534 712.8 75.4
01.06.2022 18:27:57 8.532 1.558 244.3 0.674 -1.401 0.494 712.8 77.7
01.06.2022 18:28:57 8.061 1.723 247.8 0.648 -1.586 0.677 712.8 78.7
01.06.2022 18:29:57 8.762 1.740 261.2 0.264 -1.710 0.774 712.7 81.5
01.06.2022 18:30:57 8.290 1.833 257.5 0.395 -1.786 0.664 712.8 82.8
01.06.2022 18:31:57 8.450 1.746 269.7 0.011 -1.741 0.561 712.7 84.1
01.06.2022 18:32:57 8.626 1.567 274.4 -0.119 -1.561 0.640 712.7 84.9
01.06.2022 18:33:58 8.176 1.689 261.3 0.254 -1.663 0.608 712.8 84.6
01.06.2022 18:34:58 8.524 1.327 264.1 0.137 -1.317 0.296 712.7 85.1
01.06.2022 18:35:58 8.166 1.088 254.6 0.285 -1.033 0.139 712.7 85.0
01.06.2022 18:36:58 7.693 0.975 229.4 0.600 -0.700 0.059 712.8 83.8
01.06.2022 18:37:58 7.776 0.944 220.3 0.699 -0.593 0.038 712.8 83.8
01.06.2022 18:38:58 7.929 0.725 197.9 0.662 -0.214 -0.035 712.8 84.2
01.06.2022 18:39:58 8.238 0.856 175.5 0.843 0.067 -0.198 712.9 83.4
01.06.2022 18:40:58 8.218 0.853 192.3 0.829 -0.180 -0.055 712.9 83.6
01.06.2022 18:41:59 8.621 0.533 188.1 0.522 -0.074 -0.058 712.9 83.6
01.06.2022 18:42:59 9.292 0.225 90.0 0.004 0.026 0.207 712.9 83.4
01.06.2022 18:43:59 9.271 0.200 90.0 -0.006 0.153 0.034 712.9 83.0
01.06.2022 18:44:59 9.021 0.187 270.0 0.009 -0.024 0.035 712.9 82.4
01.06.2022 18:45:59 8.994 0.318 277.5 -0.041 -0.311 -0.054 712.9 81.8
01.06.2022 18:46:59 8.706 0.602 273.5 -0.037 -0.600 0.145 712.9 81.6
01.06.2022 18:47:59 8.298 0.812 271.3 -0.018 -0.810 0.406 712.9 81.8
01.06.2022 18:48:59 8.095 0.512 293.3 -0.198 -0.460 0.243 712.9 83.3
01.06.2022 18:50:00 6.802 0.357 41.3 -0.198 0.175 -0.133 712.9 80.9
01.06.2022 18:51:00 7.233 0.399 79.3 -0.071 0.378 -0.172 712.9 80.3
01.06.2022 18:52:00 8.196 0.253 352.3 -0.145 -0.020 0.001 712.9 82.3
01.06.2022 18:53:00 7.651 0.403 257.4 0.086 -0.386 0.008 712.9 81.6
01.06.2022 18:54:00 8.319 0.535 314.2 -0.355 -0.365 -0.002 712.9 82.3
01.06.2022 18:55:00 8.264 0.677 312.1 -0.454 -0.501 0.114 712.8 83.8
01.06.2022 18:56:00 8.188 0.382 302.3 -0.199 -0.315 0.049 712.9 84.0
01.06.2022 18:57:00 8.008 0.353 283.1 -0.080 -0.343 0.020 712.9 83.4
01.06.2022 18:58:01 7.931 0.217 286.0 -0.058 -0.201 -0.051 712.9 82.9
01.06.2022 18:59:01 7.898 0.281 256.9 0.060 -0.260 -0.061 712.9 82.1
01.06.2022 19:00:01 8.453 0.453 246.1 0.178 -0.402 -0.042 712.9 82.2
01.06.2022 19:01:01 8.620 0.658 249.6 0.218 -0.587 0.023 712.9 82.6
01.06.2022 19:02:01 8.257 0.698 208.4 0.610 -0.330 0.011 712.9 82.0
01.06.2022 19:03:01 8.235 0.614 203.7 0.555 -0.244 -0.010 712.9 82.0
01.06.2022 19:04:01 8.408 0.767 205.1 0.690 -0.324 -0.112 712.9 82.7
01.06.2022 19:05:01 8.509 0.718 209.8 0.619 -0.355 -0.082 712.9 82.8
01.06.2022 19:06:02 9.017 0.611 198.7 0.574 -0.195 -0.113 712.9 83.4
01.06.2022 19:07:02 9.504 0.283 196.4 0.258 -0.076 0.021 712.9 83.4
01.06.2022 19:08:02 9.055 0.194 90.0 -0.004 0.127 0.030 712.9 82.0
01.06.2022 19:09:02 9.495 0.393 122.0 0.193 0.309 -0.027 712.9 81.5
01.06.2022 19:10:02 10.222 0.388 115.3 0.153 0.324 -0.081 712.9 81.7
01.06.2022 19:11:02 10.363 0.377 115.1 0.142 0.304 0.055 712.9 81.4
01.06.2022 19:12:02 10.078 0.209 196.8 0.049 -0.015 0.069 712.9 80.6
01.06.2022 19:13:02 10.162 0.296 197.6 0.247 -0.078 0.066 712.9 80.0
01.06.2022 19:14:03 10.365 0.221 220.2 0.126 -0.106 0.136 712.8 79.6
01.06.2022 19:15:03 10.101 0.237 234.4 0.111 -0.155 0.015 712.8 78.6
01.06.2022 19:16:03 10.104 0.230 206.4 0.192 -0.096 -0.037 712.8 77.4
01.06.2022 19:17:03 10.207 0.250 207.1 0.206 -0.105 0.003 712.7 77.0
01.06.2022 19:18:03 10.406 0.146 5.3 -0.042 0.004 0.041 712.8 76.7
01.06.2022 19:19:03 9.774 0.396 84.7 -0.036 0.390 -0.151 712.8 76.1
01.06.2022 19:20:03 9.791 0.606 78.9 -0.117 0.594 -0.114 712.9 76.0
01.06.2022 19:21:03 9.631 0.630 70.4 -0.211 0.592 -0.129 712.9 76.3
01.06.2022 19:22:04 9.394 0.715 57.9 -0.374 0.596 -0.118 712.9 76.6
01.06.2022 19:23:04 9.981 0.746 41.6 -0.557 0.494 -0.098 712.9 76.8
01.06.2022 19:24:04 8.434 0.885 63.7 -0.368 0.743 -0.121 712.9 76.5
01.06.2022 19:25:04 7.744 0.962 83.7 -0.103 0.932 -0.153 712.8 77.2
01.06.2022 19:26:04 7.949 0.890 97.7 0.119 0.875 -0.087 712.7 78.9
01.06.2022 19:27:04 8.395 0.661 96.0 0.069 0.652 -0.122 712.7 81.1
01.06.2022 19:28:04 9.129 0.565 113.4 0.219 0.507 -0.168 712.6 81.8
01.06.2022 19:29:04 9.290 0.703 120.2 0.347 0.598 -0.177 712.6 81.5
01.06.2022 19:30:05 9.246 0.710 116.5 0.313 0.629 -0.188 712.6 81.4
01.06.2022 19:31:05 9.442 0.636 109.2 0.207 0.592 -0.112 712.6 81.4
01.06.2022 19:32:05 9.568 0.472 111.8 0.169 0.423 -0.056 712.6 81.2
01.06.2022 19:33:05 9.382 0.675 102.3 0.142 0.652 -0.094 712.6 80.8
01.06.2022 19:34:05 9.319 0.488 92.0 0.016 0.467 -0.088 712.6 80.5
01.06.2022 19:35:05 9.361 0.445 105.2 0.106 0.388 -0.089 712.6 80.5
01.06.2022 19:36:05 9.633 0.586 111.2 0.209 0.540 -0.099 712.6 80.3
01.06.2022 19:37:05 9.800 0.548 113.2 0.213 0.497 -0.139 712.6 79.9
01.06.2022 19:38:06 9.647 0.578 118.5 0.267 0.492 -0.131 712.6 80.0
01.06.2022 19:39:06 10.146 0.523 108.5 0.154 0.459 -0.077 712.6 80.3
01.06.2022 19:40:06 9.799 0.154 111.6 0.015 0.039 0.051 712.6 79.9
01.06.2022 19:41:06 9.618 0.256 179.8 0.210 0.001 0.010 712.5 78.8
01.06.2022 19:42:06 9.915 0.133 253.0 0.015 -0.048 0.073 712.4 78.4
01.06.2022 19:43:06 9.682 0.437 215.6 0.346 -0.247 -0.011 712.4 78.0
01.06.2022 19:44:06 10.010 0.385 184.6 0.347 -0.028 -0.089 712.4 77.7
01.06.2022 19:45:06 10.228 0.219 189.6 0.155 -0.026 0.081 712.3 77.6
01.06.2022 19:46:07 9.978 0.324 217.2 0.248 -0.189 0.047 712.3 77.6
01.06.2022 19:47:07 9.845 0.241 214.5 0.143 -0.098 -0.032 712.3 77.2
01.06.2022 19:48:07 9.662 0.568 68.6 -0.206 0.526 -0.093 712.3 77.1
01.06.2022 19:49:07 9.587 0.356 41.4 -0.246 0.217 -0.062 712.3 77.9
01.06.2022 19:50:07 9.643 0.429 358.4 -0.423 -0.012 -0.077 712.3 77.5
01.06.2022 19:51:07 9.625 0.478 6.8 -0.460 0.055 0.001 712.3 77.6
01.06.2022 19:52:07 9.330 0.758 323.6 -0.598 -0.441 0.092 712.3 77.5
01.06.2022 19:53:07 9.361 0.478 311.8 -0.317 -0.355 0.009 712.3 78.9
01.06.2022 19:54:08 10.181 0.102 68.1 -0.031 0.078 -0.091 712.3 78.2
01.06.2022 19:55:08 9.663 0.386 254.2 0.103 -0.366 0.075 712.3 77.8
01.06.2022 19:56:08 8.818 0.427 276.8 -0.050 -0.421 -0.059 712.3 77.5
01.06.2022 19:57:08 9.431 0.781 270.0 0.008 -0.778 0.072 712.3 79.1
01.06.2022 19:58:08 9.350 0.886 273.1 -0.048 -0.884 0.168 712.3 79.4
01.06.2022 19:59:08 9.177 0.973 271.6 -0.028 -0.968 0.245 712.3 79.7
01.06.2022 20:00:08 9.314 1.292 276.8 -0.153 -1.281 0.379 712.3 80.7
01.06.2022 20:01:08 9.458 1.040 274.3 -0.078 -1.034 0.255 712.3 81.4
01.06.2022 20:02:09 9.624 0.806 259.4 0.148 -0.792 0.142 712.3 81.2
01.06.2022 20:03:09 9.220 1.259 263.3 0.146 -1.250 0.387 712.3 81.3
01.06.2022 20:04:09 9.315 1.154 258.1 0.238 -1.126 0.349 712.3 82.6
01.06.2022 20:05:09 9.118 0.973 268.0 0.032 -0.920 0.265 712.3 82.4
01.06.2022 20:06:09 9.577 2.136 321.4 -1.661 -1.325 0.422 712.3 83.0
01.06.2022 20:07:09 9.476 2.821 326.8 -2.358 -1.542 0.603 712.3 82.7
01.06.2022 20:08:09 9.335 3.127 332.0 -2.761 -1.467 0.621 712.3 82.4
01.06.2022 20:09:09 9.512 3.359 334.4 -3.028 -1.452 0.635 712.3 82.0
01.06.2022 20:10:10 9.307 4.101 340.1 -3.855 -1.395 0.673 712.3 81.2
01.06.2022 20:11:10 8.992 4.478 341.2 -4.233 -1.442 0.708 712.3 81.0
01.06.2022 20:12:10 8.900 4.008 344.8 -3.847 -1.047 0.501 712.3 81.9
01.06.2022 20:13:10 8.949 3.339 349.4 -3.262 -0.612 0.378 712.3 82.2
01.06.2022 20:14:10 8.538 3.163 347.6 -3.079 -0.679 0.337 712.3 82.8
01.06.2022 20:15:10 8.782 3.450 348.8 -3.370 -0.670 0.384 712.2 83.5
01.06.2022 20:16:10 8.459 3.657 348.4 -3.561 -0.731 0.455 712.2 82.8
01.06.2022 20:17:10 8.584 2.999 354.1 -2.946 -0.302 0.223 712.1 81.6
01.06.2022 20:18:11 8.368 3.039 354.0 -2.993 -0.314 0.231 712.1 81.9
01.06.2022 20:19:11 8.024 3.677 351.4 -3.611 -0.543 0.364 712.1 82.5
01.06.2022 20:20:11 7.592 4.016 347.0 -3.904 -0.901 0.489 712.0 81.7
01.06.2022 20:21:11 7.033 4.557 343.8 -4.366 -1.267 0.616 712.0 81.8
01.06.2022 20:22:11 7.270 4.999 330.0 -4.312 -2.486 0.899 712.0 82.9
01.06.2022 20:23:11 6.993 4.829 325.4 -3.963 -2.733 0.926 712.0 83.0
01.06.2022 20:24:11 7.012 4.651 323.0 -3.710 -2.792 1.034 712.0 83.6
01.06.2022 20:25:11 7.113 4.994 320.2 -3.830 -3.193 1.125 712.0 83.7
01.06.2022 20:26:12 6.707 4.743 323.3 -3.786 -2.825 1.031 712.0 83.5
01.06.2022 20:27:12 6.662 5.134 322.4 -4.058 -3.122 1.229 712.0 84.2
01.06.2022 20:28:12 6.669 5.070 322.9 -4.033 -3.050 1.144 712.0 84.7
01.06.2022 20:29:12 6.422 4.419 325.4 -3.630 -2.506 0.881 712.0 85.0
01.06.2022 20:30:12 6.530 4.204 315.9 -3.010 -2.918 1.024 712.0 85.8
01.06.2022 20:31:12 6.580 4.431 320.1 -3.395 -2.842 1.012 712.0 86.2
01.06.2022 20:32:12 6.559 5.748 331.2 -4.991 -2.741 1.186 712.0 86.1
01.06.2022 20:33:12 5.538 6.826 344.4 -6.550 -1.832 1.106 712.0 86.6
01.06.2022 20:34:13 5.835 6.247 349.9 -6.090 -1.083 0.710 712.0 90.2
01.06.2022 20:35:13 8.230 5.492 320.9 -4.134 -3.359 1.517 712.0 89.3
01.06.2022 20:36:13 9.234 3.907 286.6 -1.106 -3.717 2.185 712.0 81.7
01.06.2022 20:37:13 9.735 5.182 317.7 -3.655 -3.329 1.697 712.0 77.8
01.06.2022 20:38:13 10.116 5.271 23.7 -4.527 1.986 0.220 712.0 75.0
01.06.2022 20:39:13 9.511 4.225 36.0 -3.389 2.466 0.227 712.0 73.3
01.06.2022 20:40:13 8.401 3.979 33.5 -3.304 2.184 0.224 712.0 73.7
01.06.2022 20:41:13 8.384 4.161 30.8 -3.558 2.123 0.229 712.0 75.5
01.06.2022 20:42:14 9.447 6.125 25.7 -5.499 2.643 0.335 712.0 76.5
01.06.2022 20:43:14 9.619 6.187 23.4 -5.644 2.438 0.331 712.0 75.1
01.06.2022 20:44:14 9.098 4.511 57.3 -2.232 3.471 0.007 711.9 74.0
01.06.2022 20:45:14 9.326 1.187 128.4 0.266 0.336 0.250 712.0 74.7
01.06.2022 20:46:14 9.983 1.449 223.5 0.967 -0.916 0.373 712.0 75.0
01.06.2022 20:47:14 8.439 2.283 334.6 -1.996 -0.947 0.568 712.1 74.1
01.06.2022 20:48:14 5.669 4.216 310.2 -2.659 -3.147 1.486 712.1 76.6
01.06.2022 20:49:14 6.324 5.947 306.9 -3.557 -4.739 2.179 712.0 83.9
01.06.2022 20:50:15 7.441 6.320 311.1 -4.147 -4.750 2.057 712.0 86.4
01.06.2022 20:51:15 8.542 4.720 305.6 -2.750 -3.834 1.825 712.2 83.7
01.06.2022 20:52:15 8.718 3.357 306.2 -1.980 -2.709 1.344 712.3 80.1
01.06.2022 20:53:15 5.841 4.596 317.2 -3.353 -3.109 1.376 712.2 79.2
01.06.2022 20:54:15 5.213 4.714 305.1 -2.592 -3.686 1.684 712.2 87.5
01.06.2022 20:55:15 5.460 1.513 228.9 0.487 -0.557 0.387 712.3 92.1
01.06.2022 20:56:15 6.590 1.378 119.8 0.665 1.162 -0.088 712.3 93.0
01.06.2022 20:57:15 7.083 1.156 125.1 0.645 0.917 -0.123 712.3 91.8
01.06.2022 20:58:16 5.368 1.238 84.1 -0.117 1.142 -0.072 712.2 89.7
01.06.2022 20:59:16 5.307 3.779 48.4 -2.492 2.808 0.180 712.2 89.7
01.06.2022 21:00:16 5.565 4.046 45.5 -2.821 2.871 0.241 712.2 91.1
01.06.2022 21:01:16 5.780 4.145 42.0 -3.075 2.764 0.118 712.2 92.5
01.06.2022 21:02:16 6.781 3.747 38.5 -2.926 2.324 0.237 712.2 92.7
01.06.2022 21:03:16 6.740 3.850 37.2 -3.059 2.320 0.154 712.3 91.3
01.06.2022 21:04:16 6.443 3.712 34.8 -3.035 2.108 0.153 712.3 90.1
01.06.2022 21:05:16 6.611 3.553 36.6 -2.847 2.113 0.206 712.3 90.0
01.06.2022 21:06:17 6.764 3.597 36.6 -2.879 2.137 0.199 712.3 90.0
01.06.2022 21:07:17 7.110 3.742 47.7 -2.459 2.700 0.138 712.3 89.3
01.06.2022 21:08:17 6.954 1.292 109.2 0.218 0.626 0.129 712.3 88.1
01.06.2022 21:09:17 6.988 1.414 278.2 -0.195 -1.348 0.712 712.3 87.3
01.06.2022 21:10:17 6.845 1.324 277.9 -0.181 -1.307 0.883 712.3 86.9
01.06.2022 21:11:17 6.350 1.868 284.1 -0.456 -1.810 1.267 712.3 87.2
01.06.2022 21:12:17 5.530 2.967 288.6 -0.944 -2.810 1.782 712.3 88.7
01.06.2022 21:13:17 4.939 4.212 298.5 -1.998 -3.684 1.934 712.3 91.5
01.06.2022 21:14:18 4.970 4.172 298.3 -1.974 -3.663 1.748 712.3 94.3
01.06.2022 21:15:18 5.280 1.907 269.5 0.012 -1.402 0.801 712.3 96.3
01.06.2022 21:16:18 5.339 2.306 53.2 -1.352 1.807 -0.052 712.3 96.9
01.06.2022 21:17:18 5.580 2.943 12.4 -2.762 0.605 0.143 712.3 97.2
01.06.2022 21:18:18 5.052 4.125 341.2 -3.886 -1.326 0.653 712.3 96.7
01.06.2022 21:19:18 5.260 3.749 354.6 -3.655 -0.343 0.441 712.3 96.8
01.06.2022 21:20:18 5.226 4.817 338.1 -4.414 -1.772 0.870 712.3 97.0
01.06.2022 21:21:18 5.070 5.047 344.5 -4.812 -1.338 0.745 712.3 97.0
01.06.2022 21:22:19 5.266 3.922 4.6 -3.849 0.313 0.204 712.3 97.5
01.06.2022 21:23:19 5.048 4.183 18.7 -3.919 1.326 0.167 712.3 97.4
01.06.2022 21:24:19 4.853 3.925 16.5 -3.701 1.093 0.267 712.3 97.1
01.06.2022 21:25:19 5.393 4.232 8.5 -4.134 0.615 0.256 712.3 97.8
01.06.2022 21:26:19 6.005 4.295 12.5 -4.141 0.916 0.150 712.3 98.8
01.06.2022 21:27:19 5.887 3.665 18.5 -3.438 1.147 0.149 712.3 98.3
01.06.2022 21:28:19 6.771 3.605 8.0 -3.478 0.487 0.223 712.3 98.1
01.06.2022 21:29:19 6.492 3.014 8.7 -2.915 0.444 0.100 712.3 97.1
01.06.2022 21:30:20 6.747 2.779 11.3 -2.666 0.533 0.042 712.3 95.1
01.06.2022 21:31:20 6.945 3.086 8.1 -3.008 0.425 0.129 712.3 94.6
01.06.2022 21:32:20 6.389 4.572 25.0 -4.128 1.923 0.147 712.3 93.2
01.06.2022 21:33:20 6.308 4.546 21.0 -4.210 1.613 0.188 712.3 92.8
01.06.2022 21:34:20 6.414 3.656 14.7 -3.466 0.907 0.125 712.3 93.0
01.06.2022 21:35:20 6.127 4.986 23.2 -4.560 1.951 0.216 712.3 93.1
01.06.2022 21:36:20 6.630 3.805 14.2 -3.610 0.916 0.122 712.3 93.7
01.06.2022 21:37:20 6.262 4.266 19.0 -3.989 1.371 0.210 712.3 93.9
01.06.2022 21:38:21 5.792 4.760 21.9 -4.389 1.765 0.234 712.3 93.5
01.06.2022 21:39:21 6.211 3.747 13.5 -3.592 0.865 0.228 712.3 94.6
01.06.2022 21:40:21 6.103 3.779 14.0 -3.632 0.905 0.214 712.3 95.2
01.06.2022 21:41:21 5.845 4.388 19.6 -4.096 1.457 0.182 712.3 95.2
01.06.2022 21:42:21 5.743 3.721 15.2 -3.532 0.963 0.231 712.3 95.4
01.06.2022 21:43:21 5.637 3.377 10.8 -3.277 0.626 0.284 712.3 95.3
01.06.2022 21:44:21 5.995 4.187 17.1 -3.967 1.223 0.189 712.3 96.0
01.06.2022 21:45:21 6.222 3.979 15.7 -3.798 1.065 0.255 712.3 96.5
01.06.2022 21:46:22 6.601 3.905 10.6 -3.793 0.713 0.275 712.3 97.2
01.06.2022 21:47:22 6.817 3.629 10.4 -3.530 0.647 0.258 712.3 97.2
01.06.2022 21:48:22 7.082 3.459 9.2 -3.374 0.547 0.222 712.3 97.2
01.06.2022 21:49:22 7.608 3.361 6.4 -3.297 0.371 0.138 712.3 96.6
01.06.2022 21:50:22 7.807 3.590 3.5 -3.530 0.217 0.189 712.3 95.7
01.06.2022 21:51:22 7.358 4.049 358.4 -3.996 -0.115 0.270 712.3 94.0
01.06.2022 21:52:22 7.110 5.041 353.3 -4.979 -0.583 0.548 712.3 93.2
01.06.2022 21:53:22 6.668 5.466 351.0 -5.368 -0.854 0.709 712.3 92.6
01.06.2022 21:54:23 6.807 5.994 349.5 -5.872 -1.083 0.817 712.3 93.9
01.06.2022 21:55:23 6.471 6.135 339.4 -5.721 -2.151 1.133 712.3 94.0
01.06.2022 21:56:23 7.564 5.992 337.7 -5.544 -2.270 1.096 712.3 95.7
01.06.2022 21:57:23 7.862 5.501 339.8 -5.161 -1.901 0.905 712.3 95.0
01.06.2022 21:58:23 7.762 5.082 341.3 -4.812 -1.628 0.780 712.3 92.8
01.06.2022 21:59:23 8.182 4.493 344.8 -4.332 -1.175 0.599 712.3 92.2
01.06.2022 22:00:23 8.359 4.127 346.3 -4.003 -0.979 0.514 712.3 89.7
01.06.2022 22:01:23 8.459 3.814 346.6 -3.701 -0.885 0.480 712.3 87.5
01.06.2022 22:02:24 8.521 3.624 349.2 -3.546 -0.674 0.434 712.3 86.8
01.06.2022 22:03:24 7.984 3.436 353.7 -3.384 -0.373 0.290 712.3 86.2
01.06.2022 22:04:24 7.977 3.681 352.3 -3.623 -0.489 0.349 712.3 86.8
01.06.2022 22:05:24 8.055 3.743 355.4 -3.695 -0.300 0.284 712.3 87.5
01.06.2022 22:06:24 8.348 3.741 356.0 -3.691 -0.258 0.256 712.3 88.8
01.06.2022 22:07:24 8.175 4.286 353.2 -4.225 -0.503 0.440 712.3 88.5
01.06.2022 22:08:24 8.019 4.899 348.7 -4.790 -0.955 0.598 712.3 88.1
01.06.2022 22:09:24 8.087 5.475 344.5 -5.270 -1.462 0.816 712.3 88.8
01.06.2022 22:10:25 7.753 5.984 341.6 -5.677 -1.886 0.981 712.3 88.4
01.06.2022 22:11:25 6.708 5.881 345.5 -5.670 -1.470 0.833 712.3 88.5
01.06.2022 22:12:25 6.832 5.673 349.0 -5.556 -1.081 0.696 712.3 90.6
01.06.2022 22:13:25 7.393 5.257 351.5 -5.177 -0.778 0.570 712.3 93.3
01.06.2022 22:14:25 8.182 4.540 354.6 -4.484 -0.424 0.398 712.3 94.1
01.06.2022 22:15:25 8.539 3.516 357.8 -3.466 -0.133 0.196 712.3 92.0
01.06.2022 22:16:25 8.217 3.024 6.3 -2.964 0.327 0.127 712.3 90.1
01.06.2022 22:17:25 7.995 2.903 10.2 -2.809 0.504 0.127 712.3 89.8
01.06.2022 22:18:26 7.859 3.153 16.1 -2.980 0.861 0.097 712.3 90.1
01.06.2022 22:19:26 7.358 3.160 16.0 -2.998 0.860 0.115 712.3 89.7
01.06.2022 22:20:26 7.520 3.107 14.9 -2.943 0.783 0.119 712.3 89.7
01.06.2022 22:21:26 7.782 3.151 13.6 -3.018 0.731 0.169 712.3 91.5
01.06.2022 22:22:26 7.606 3.648 18.1 -3.431 1.121 0.171 712.3 91.7
01.06.2022 22:23:26 7.725 3.379 16.5 -3.204 0.949 0.192 712.3 91.4
01.06.2022 22:24:26 7.761 3.536 18.2 -3.329 1.097 0.163 712.3 91.0
01.06.2022 22:25:26 8.116 4.009 22.7 -3.685 1.538 0.210 712.3 91.0
01.06.2022 22:26:27 7.527 3.738 25.9 -3.359 1.631 0.113 712.3 90.2
01.06.2022 22:27:27 7.354 3.166 28.0 -2.792 1.484 0.103 712.3 89.8
01.06.2022 22:28:27 7.801 3.510 25.4 -3.164 1.503 0.114 712.3 91.5
01.06.2022 22:29:27 7.948 3.813 24.7 -3.456 1.591 0.114 712.3 91.8
01.06.2022 22:30:27 7.420 3.613 26.6 -3.225 1.615 0.107 712.3 90.3
01.06.2022 22:31:27 8.217 4.047 24.9 -3.666 1.699 0.151 712.3 91.8
01.06.2022 22:32:27 8.029 3.545 26.9 -3.155 1.602 0.101 712.3 90.3
01.06.2022 22:33:27 8.581 3.459 27.8 -3.056 1.609 0.143 712.3 90.4
01.06.2022 22:34:28 8.564 2.752 28.8 -2.407 1.324 0.074 712.3 89.8
01.06.2022 22:35:28 8.705 2.193 33.4 -1.827 1.203 0.041 712.3 89.6
01.06.2022 22:36:28 8.431 1.699 39.5 -1.308 1.079 -0.077 712.3 88.5
01.06.2022 22:37:28 8.450 1.395 46.8 -0.950 1.012 0.016 712.3 88.7
01.06.2022 22:38:28 7.707 1.115 26.9 -0.971 0.494 -0.011 712.3 87.0
01.06.2022 22:39:28 7.646 0.888 6.2 -0.862 0.094 0.047 712.3 87.2
01.06.2022 22:40:28 7.445 1.189 347.4 -1.146 -0.256 0.068 712.3 87.0
01.06.2022 22:41:28 8.788 0.620 82.3 -0.055 0.406 -0.101 712.3 88.4
01.06.2022 22:42:29 8.982 1.261 102.4 0.266 1.212 -0.057 712.3 88.7
01.06.2022 22:43:29 8.037 1.111 90.9 0.016 1.062 -0.019 712.3 86.0
01.06.2022 22:44:29 7.782 1.444 102.8 0.310 1.370 -0.045 712.3 85.5
01.06.2022 22:45:29 7.732 2.266 115.0 0.952 2.045 -0.029 712.3 85.9
01.06.2022 22:46:29 7.951 2.247 117.5 1.008 1.940 -0.101 712.3 86.0
01.06.2022 22:47:29 7.591 1.662 116.0 0.682 1.397 0.045 712.3 85.4
01.06.2022 22:48:29 7.779 1.651 113.2 0.598 1.396 -0.013 712.3 85.4
01.06.2022 22:49:29 7.338 1.341 110.9 0.427 1.118 0.079 712.3 85.2
01.06.2022 22:50:30 7.318 0.827 82.9 -0.049 0.398 -0.012 712.3 85.5
01.06.2022 22:51:30 7.329 0.776 184.6 0.168 -0.014 0.084 712.2 85.9
01.06.2022 22:52:30 6.933 0.762 340.8 -0.693 -0.242 0.032 712.2 86.1
01.06.2022 22:53:30 7.122 0.989 315.1 -0.653 -0.651 0.182 712.3 86.9
01.06.2022 22:54:30 7.165 1.222 279.9 -0.209 -1.192 0.512 712.3 87.7
01.06.2022 22:55:30 7.250 1.664 282.2 -0.352 -1.625 0.882 712.3 88.2
01.06.2022 22:56:30 7.366 1.738 281.0 -0.332 -1.704 0.774 712.3 88.6
01.06.2022 22:57:30 7.464 1.590 280.5 -0.289 -1.562 0.914 712.3 88.5
01.06.2022 22:58:31 7.367 1.409 268.0 0.049 -1.398 0.637 712.2 88.3
01.06.2022 22:59:31 7.126 1.693 254.5 0.451 -1.623 0.717 712.1 87.4
01.06.2022 23:00:31 7.320 1.327 249.1 0.470 -1.229 0.625 712.1 87.8
01.06.2022 23:01:31 7.359 1.865 219.2 1.379 -1.125 0.574 712.0 87.3
01.06.2022 23:02:31 7.836 3.118 183.9 3.068 -0.209 -0.053 712.0 86.9
01.06.2022 23:03:31 7.386 2.910 146.0 2.110 1.423 -0.244 712.0 85.1
01.06.2022 23:04:31 7.140 2.198 36.5 -1.552 1.149 -0.065 712.1 84.5
01.06.2022 23:05:31 6.906 4.943 341.2 -4.472 -1.518 0.802 712.1 85.3
01.06.2022 23:06:32 7.114 7.910 335.9 -7.191 -3.214 1.520 712.0 86.6
01.06.2022 23:07:32 8.227 7.034 336.1 -6.357 -2.822 1.448 712.3 84.7
01.06.2022 23:08:32 7.956 7.425 336.8 -6.794 -2.918 1.423 712.3 82.5
01.06.2022 23:09:32 7.666 6.851 339.5 -6.395 -2.392 1.193 712.3 82.7
01.06.2022 23:10:32 7.758 6.503 342.5 -6.190 -1.948 1.013 712.3 84.3
01.06.2022 23:11:32 7.930 6.379 342.4 -6.069 -1.927 0.972 712.3 85.1
01.06.2022 23:12:32 8.145 6.315 342.4 -6.011 -1.905 0.885 712.3 84.2
01.06.2022 23:13:32 7.913 6.132 343.7 -5.880 -1.723 0.856 712.3 84.7
01.06.2022 23:14:33 7.755 5.528 337.0 -5.085 -2.159 0.922 712.3 87.1
01.06.2022 23:15:33 7.715 5.055 337.6 -4.671 -1.926 0.850 712.3 88.8
01.06.2022 23:16:33 7.890 5.183 340.4 -4.881 -1.739 0.879 712.3 90.1
01.06.2022 23:17:33 7.702 5.145 342.7 -4.907 -1.525 0.789 712.3 89.9
01.06.2022 23:18:33 7.686 4.873 339.6 -4.563 -1.694 0.826 712.3 90.4
01.06.2022 23:19:33 7.532 4.812 335.5 -4.363 -1.992 0.836 712.3 88.6
01.06.2022 23:20:33 7.245 4.470 344.5 -4.284 -1.187 0.574 712.3 86.8
01.06.2022 23:21:34 7.310 4.508 342.6 -4.291 -1.343 0.589 712.3 87.1
01.06.2022 23:22:34 7.333 4.164 339.8 -3.901 -1.432 0.594 712.2 88.1
01.06.2022 23:23:34 7.904 3.803 332.0 -3.341 -1.779 0.676 712.1 88.2
01.06.2022 23:24:34 7.899 3.279 335.1 -2.928 -1.357 0.477 712.0 86.8
01.06.2022 23:25:34 7.752 4.185 318.3 -3.115 -2.775 0.999 712.0 85.7
01.06.2022 23:26:34 7.766 4.277 312.2 -2.870 -3.164 1.246 711.9 86.0
01.06.2022 23:27:34 7.574 5.169 318.6 -3.875 -3.414 1.318 711.7 86.1
01.06.2022 23:28:34 7.502 5.130 312.7 -3.476 -3.768 1.437 711.7 86.2
01.06.2022 23:29:35 7.521 5.590 315.4 -3.968 -3.918 1.460 711.7 85.7
01.06.2022 23:30:35 7.109 5.570 325.9 -4.605 -3.118 1.196 711.7 85.4
01.06.2022 23:31:35 6.685 5.920 328.0 -5.012 -3.135 1.339 711.7 85.2
01.06.2022 23:32:35 7.037 7.652 324.2 -6.182 -4.464 1.871 711.7 85.3
01.06.2022 23:33:35 7.256 7.625 314.0 -5.282 -5.469 2.203 711.7 84.4
01.06.2022 23:34:35 7.283 7.397 314.4 -5.167 -5.283 2.145 711.7 83.5
01.06.2022 23:35:35 7.225 6.821 320.0 -5.212 -4.371 1.668 711.8 83.4
01.06.2022 23:36:35 6.906 6.089 337.8 -5.607 -2.289 1.014 712.0 83.8
01.06.2022 23:37:36 6.994 5.001 348.8 -4.849 -0.962 0.517 712.1 84.3
01.06.2022 23:38:36 6.874 4.271 11.2 -4.098 0.813 0.139 712.3 84.3
01.06.2022 23:39:36 6.143 4.439 42.1 -3.237 2.925 0.191 712.3 84.7
01.06.2022 23:40:36 5.852 2.880 72.2 -0.803 2.493 0.057 712.3 86.4
01.06.2022 23:41:36 5.896 2.024 92.0 0.063 1.800 0.146 712.3 87.7
01.06.2022 23:42:36 6.122 2.304 98.2 0.296 2.053 0.111 712.3 87.9
01.06.2022 23:43:36 6.506 1.786 81.7 -0.212 1.450 0.150 712.3 87.9
01.06.2022 23:44:36 6.901 1.628 78.9 -0.249 1.265 0.222 712.3 87.4
01.06.2022 23:45:37 7.250 3.719 61.1 -1.758 3.187 0.099 712.3 86.8
01.06.2022 23:46:37 7.720 3.347 43.0 -2.434 2.270 0.178 712.3 85.7
01.06.2022 23:47:37 7.866 2.693 27.7 -2.348 1.231 0.034 712.3 84.7
01.06.2022 23:48:37 8.134 2.736 17.7 -2.551 0.814 0.077 712.2 83.7
01.06.2022 23:49:37 8.158 2.463 2.7 -2.415 0.112 0.050 712.0 82.4
01.06.2022 23:50:37 8.159 2.787 355.0 -2.705 -0.237 0.205 712.0 81.5
01.06.2022 23:51:37 8.062 2.543 359.4 -2.488 -0.025 0.179 711.9 80.8
01.06.2022 23:52:37 7.737 2.585 2.6 -2.534 0.115 0.174 711.8 80.6
01.06.2022 23:53:38 7.534 3.378 26.5 -2.976 1.482 0.112 711.7 80.9
01.06.2022 23:54:38 7.323 4.127 44.7 -2.907 2.881 0.083 711.7 81.4
01.06.2022 23:55:38 7.036 3.708 68.3 -1.324 3.326 -0.062 711.7 82.2
01.06.2022 23:56:38 6.651 1.726 91.7 0.044 1.501 -0.005 711.7 82.8
01.06.2022 23:57:38 6.423 2.403 94.4 0.171 2.232 0.057 711.7 82.9
01.06.2022 23:58:38 6.383 2.522 101.3 0.446 2.230 0.154 711.7 83.7
01.06.2022 23:59:38 6.453 2.103 101.9 0.345 1.643 0.273 711.7 84.5
02.06.2022 00:00:38 6.603 2.228 102.6 0.392 1.754 0.118 711.7 84.9
02.06.2022 00:01:39 6.585 2.598 103.6 0.512 2.125 0.240 711.7 85.1
02.06.2022 00:02:39 6.429 2.444 99.6 0.333 1.965 0.139 711.7 85.3
02.06.2022 00:03:39 6.708 1.899 86.5 -0.078 1.292 0.265 711.7 85.8
02.06.2022 00:04:39 7.067 4.260 72.1 -1.219 3.769 0.127 711.7 85.7
02.06.2022 00:05:39 6.897 4.292 75.3 -1.042 3.988 0.030 711.7 84.7
02.06.2022 00:06:39 6.913 4.101 77.8 -0.828 3.836 0.058 711.7 84.5
02.06.2022 00:07:39 7.477 3.276 79.2 -0.522 2.746 0.073 711.6 84.3
02.06.2022 00:08:39 7.344 2.090 86.1 -0.114 1.696 0.248 711.6 83.4
02.06.2022 00:09:40 7.050 2.620 85.7 -0.178 2.380 0.121 711.5 82.9
02.06.2022 00:10:40 6.893 2.333 84.3 -0.192 1.937 0.180 711.5 82.9
02.06.2022 00:11:40 6.682 2.675 88.9 -0.048 2.415 0.078 711.4 83.1
02.06.2022 00:12:40 6.535 2.159 94.5 0.125 1.576 0.246 711.4 83.6
02.06.2022 00:13:40 6.678 2.687 88.1 -0.075 2.300 0.215 711.4 84.1
02.06.2022 00:14:40 6.417 2.471 84.4 -0.196 1.996 0.229 711.3 84.2
02.06.2022 00:15:40 6.442 2.483 90.5 0.019 2.119 0.240 711.3 84.7
02.06.2022 00:16:40 6.313 2.431 83.9 -0.224 2.093 0.232 711.4 85.0
02.06.2022 00:17:41 6.286 2.462 82.5 -0.276 2.114 0.157 711.4 85.3
02.06.2022 00:18:41 6.332 1.984 81.4 -0.233 1.543 0.234 711.4 85.5
02.06.2022 00:19:41 6.129 2.099 83.0 -0.225 1.836 0.245 711.4 85.6
02.06.2022 00:20:41 6.061 1.933 84.3 -0.165 1.665 0.197 711.4 85.9
02.06.2022 00:21:41 5.831 2.621 100.1 0.427 2.398 0.175 711.4 86.2
02.06.2022 00:22:41 5.839 5.302 115.0 2.194 4.710 0.173 711.4 87.0
02.06.2022 00:23:41 5.901 5.498 115.0 2.299 4.929 0.066 711.4 87.6
02.06.2022 00:24:41 5.862 5.431 111.1 1.942 5.032 0.401 711.4 87.8
02.06.2022 00:25:42 5.743 4.859 111.2 1.739 4.480 0.274 711.4 88.0
02.06.2022 00:26:42 5.967 5.101 115.8 2.180 4.517 0.170 711.4 88.4
02.06.2022 00:27:42 5.873 4.670 111.5 1.688 4.294 0.214 711.4 88.0
02.06.2022 00:28:42 5.974 2.342 100.0 0.354 2.003 0.192 711.4 87.9
02.06.2022 00:29:42 5.994 2.386 101.5 0.426 2.103 0.263 711.4 87.9
02.06.2022 00:30:42 5.945 2.271 96.4 0.223 1.993 0.108 711.5 87.8
02.06.2022 00:31:42 5.898 2.226 100.5 0.357 1.929 0.089 711.5 87.8
02.06.2022 00:32:42 5.830 2.426 93.5 0.141 2.289 0.130 711.4 87.8
02.06.2022 00:33:43 5.906 2.346 90.8 0.032 2.221 0.055 711.4 88.0
02.06.2022 00:34:43 5.846 2.304 92.7 0.102 2.187 0.079 711.4 87.9
02.06.2022 00:35:43 5.936 2.285 93.6 0.139 2.197 0.082 711.4 87.9
02.06.2022 00:36:43 5.951 1.974 92.9 0.095 1.867 0.120 711.4 87.9
02.06.2022 00:37:43 6.191 1.696 86.6 -0.093 1.552 0.138 711.4 87.8
02.06.2022 00:38:43 6.210 1.659 84.3 -0.157 1.568 0.118 711.4 87.4
02.06.2022 00:39:43 6.024 1.946 79.3 -0.352 1.858 0.002 711.4 87.0
02.06.2022 00:40:43 5.937 1.875 60.6 -0.910 1.612 0.057 711.4 87.0
02.06.2022 00:41:44 5.859 1.894 47.0 -1.285 1.379 0.070 711.4 87.2
02.06.2022 00:42:44 5.812 1.947 38.3 -1.517 1.200 0.115 711.3 87.4
02.06.2022 00:43:44 6.346 3.144 45.6 -2.186 2.231 0.154 711.2 87.5
02.06.2022 00:44:44 6.379 3.603 56.0 -2.005 2.972 0.135 711.1 86.5
02.06.2022 00:45:44 6.411 4.246 61.3 -2.031 3.711 0.046 711.1 85.8
02.06.2022 00:46:44 6.410 5.038 64.0 -2.202 4.519 -0.056 711.1 85.3
02.06.2022 00:47:44 6.240 5.412 66.6 -2.146 4.953 -0.032 711.1 85.1
02.06.2022 00:48:44 6.267 5.623 65.8 -2.304 5.119 -0.073 711.1 85.2
02.06.2022 00:49:45 6.270 5.473 64.3 -2.367 4.925 -0.121 711.1 85.2
02.06.2022 00:50:45 6.296 4.793 63.9 -2.102 4.295 -0.045 711.1 85.3
02.06.2022 00:51:45 6.272 4.213 66.1 -1.701 3.832 0.021 711.1 85.2
02.06.2022 00:52:45 6.148 3.566 62.0 -1.668 3.134 0.031 711.1 85.2
02.06.2022 00:53:45 6.282 3.549 63.4 -1.580 3.160 0.056 711.1 85.5
02.06.2022 00:54:45 6.215 3.178 71.6 -0.980 2.947 -0.068 711.1 85.5
02.06.2022 00:55:45 6.210 2.678 77.1 -0.582 2.533 0.023 711.1 85.5
02.06.2022 00:56:45 6.412 2.844 80.5 -0.450 2.699 0.150 711.1 85.5
02.06.2022 00:57:46 6.864 2.630 83.3 -0.284 2.427 0.158 711.1 85.2
02.06.2022 00:58:46 6.680 2.190 85.0 -0.177 2.026 0.115 711.1 84.3
02.06.2022 00:59:46 6.520 2.236 88.6 -0.051 2.087 0.102 711.1 84.0
02.06.2022 01:00:46 6.418 2.066 89.5 -0.016 1.848 0.130 711.1 84.1
02.06.2022 01:01:46 6.308 1.971 93.1 0.087 1.587 0.248 711.1 84.3
02.06.2022 01:02:46 6.276 2.439 93.1 0.126 2.330 0.143 711.1 84.6
02.06.2022 01:03:46 6.234 2.460 95.3 0.216 2.322 -0.029 711.1 84.9
02.06.2022 01:04:46 6.323 2.778 99.8 0.456 2.648 0.025 711.1 85.0
02.06.2022 01:05:47 6.349 1.952 90.4 0.014 1.811 0.040 711.1 85.1
02.06.2022 01:06:47 6.227 1.531 83.4 -0.160 1.389 0.131 711.1 85.0
02.06.2022 01:07:47 6.165 2.369 75.9 -0.570 2.269 -0.003 711.1 85.1
02.06.2022 01:08:47 6.230 2.060 77.6 -0.435 1.973 0.034 711.1 85.5
02.06.2022 01:09:47 6.478 2.101 82.5 -0.265 2.025 0.063 711.1 85.7
02.06.2022 01:10:47 6.992 2.688 78.4 -0.519 2.537 -0.044 711.1 85.3
02.06.2022 01:11:47 6.772 2.175 79.1 -0.401 2.086 -0.052 711.1 84.4
02.06.2022 01:12:47 6.888 1.450 86.5 -0.085 1.379 -0.007 711.1 84.0
02.06.2022 01:13:48 6.867 1.533 98.9 0.212 1.363 0.060 711.1 83.7
02.06.2022 01:14:48 6.924 2.062 96.8 0.221 1.866 0.072 711.1 83.3
02.06.2022 01:15:48 6.832 1.580 92.4 0.056 1.341 0.069 711.1 82.9
02.06.2022 01:16:48 6.646 1.442 89.1 -0.021 1.302 0.099 711.1 82.8
02.06.2022 01:17:48 6.821 1.572 78.9 -0.256 1.310 0.054 711.1 83.0
02.06.2022 01:18:48 6.910 1.109 90.0 -0.010 0.761 0.067 711.1 83.1
02.06.2022 01:19:48 7.046 2.063 84.9 -0.169 1.915 0.104 711.0 83.0
02.06.2022 01:20:48 7.054 1.831 90.8 0.016 1.102 0.162 710.9 82.6
02.06.2022 01:21:49 7.349 1.921 86.4 -0.101 1.590 0.109 710.8 82.3
02.06.2022 01:22:49 6.946 1.260 107.1 0.275 0.895 0.069 710.8 81.7
02.06.2022 01:23:49 6.993 1.323 103.9 0.223 0.902 0.148 710.8 81.8
02.06.2022 01:24:49 7.292 1.682 168.1 1.307 0.275 0.095 710.8 81.9
02.06.2022 01:25:49 6.985 2.645 238.1 1.356 -2.179 1.041 710.8 81.5
02.06.2022 01:26:49 6.686 2.576 255.5 0.635 -2.460 1.401 710.8 82.0
02.06.2022 01:27:49 6.393 2.685 262.5 0.350 -2.650 1.540 710.8 83.1
02.06.2022 01:28:49 6.405 3.264 265.9 0.230 -3.237 1.668 710.7 84.5
02.06.2022 01:29:50 6.444 3.444 258.9 0.659 -3.364 1.738 710.6 85.0
02.06.2022 01:30:50 6.139 3.184 262.0 0.439 -3.138 1.585 710.5 85.2
02.06.2022 01:31:50 6.122 2.951 273.0 -0.152 -2.930 1.590 710.5 86.1
02.06.2022 01:32:50 6.184 2.859 271.2 -0.061 -2.836 1.507 710.5 86.5
02.06.2022 01:33:50 5.983 2.826 273.9 -0.193 -2.806 1.655 710.5 86.7
02.06.2022 01:34:50 5.863 2.774 273.7 -0.181 -2.757 1.472 710.5 87.2
02.06.2022 01:35:50 5.898 2.630 274.2 -0.191 -2.609 1.465 710.6 87.8
02.06.2022 01:36:50 5.890 2.471 281.5 -0.488 -2.404 1.241 710.5 88.0
02.06.2022 01:37:51 5.972 2.484 292.5 -0.938 -2.267 1.014 710.5 87.9
02.06.2022 01:38:51 6.025 2.779 306.0 -1.623 -2.234 0.871 710.5 87.6
02.06.2022 01:39:51 5.986 2.761 314.8 -1.922 -1.936 0.720 710.6 87.2
02.06.2022 01:40:51 5.851 3.224 333.4 -2.871 -1.440 0.628 710.6 87.1
02.06.2022 01:41:51 5.884 3.683 336.0 -3.353 -1.491 0.680 710.5 87.2
02.06.2022 01:42:51 5.909 4.365 339.7 -4.078 -1.508 0.777 710.5 87.0
02.06.2022 01:43:51 5.965 4.813 341.9 -4.569 -1.489 0.780 710.5 86.8
02.06.2022 01:44:51 6.216 4.185 330.2 -3.503 -2.005 0.858 710.6 86.4
02.06.2022 01:45:52 6.245 4.040 328.5 -3.426 -2.098 0.910 710.6 85.6
02.06.2022 01:46:52 6.325 3.798 328.6 -3.217 -1.960 0.842 710.5 85.2
02.06.2022 01:47:52 6.385 3.376 316.7 -2.429 -2.289 0.935 710.5 84.8
02.06.2022 01:48:52 6.359 3.285 322.1 -2.578 -2.011 0.822 710.6 84.7
02.06.2022 01:49:52 6.431 2.927 320.8 -2.257 -1.838 0.682 710.6 84.5
02.06.2022 01:50:52 6.377 3.140 328.2 -2.657 -1.650 0.655 710.7 84.3
02.06.2022 01:51:52 6.275 3.076 342.2 -2.900 -0.930 0.429 710.7 84.2
02.06.2022 01:52:52 6.397 2.488 358.4 -2.433 -0.068 0.087 710.7 84.4
02.06.2022 01:53:53 6.225 2.768 13.5 -2.613 0.626 0.068 710.7 84.4
02.06.2022 01:54:53 6.436 2.969 19.9 -2.724 0.985 0.097 710.6 84.5
02.06.2022 01:55:53 6.466 2.893 9.9 -2.788 0.488 0.117 710.6 84.3
02.06.2022 01:56:53 6.578 3.227 0.0 -3.176 0.003 0.188 710.5 84.1
02.06.2022 01:57:53 6.733 3.685 352.6 -3.610 -0.471 0.354 710.5 83.7
02.06.2022 01:58:53 6.857 3.155 352.1 -3.089 -0.427 0.258 710.5 82.9
02.06.2022 01:59:53 6.819 3.776 339.5 -3.502 -1.309 0.604 710.5 82.4
02.06.2022 02:00:53 6.919 3.515 336.8 -3.187 -1.363 0.746 710.5 82.0
02.06.2022 02:01:54 7.198 2.695 333.8 -2.357 -1.158 0.439 710.5 81.2
02.06.2022 02:02:54 7.031 3.019 348.9 -2.946 -0.579 0.329 710.5 80.7
02.06.2022 02:03:54 6.974 2.864 0.5 -2.833 0.023 -0.031 710.6 80.7
02.06.2022 02:04:54 6.813 2.887 12.6 -2.770 0.620 0.047 710.6 81.0
02.06.2022 02:05:54 6.720 3.682 16.7 -3.479 1.045 0.157 710.7 81.4
02.06.2022 02:06:54 7.041 3.563 15.5 -3.385 0.942 0.137 710.7 81.5
02.06.2022 02:07:54 7.044 3.241 8.1 -3.168 0.452 0.021 710.8 81.3
02.06.2022 02:08:54 7.132 3.183 7.3 -3.111 0.399 0.011 710.8 81.0
02.06.2022 02:09:55 7.274 3.350 5.4 -3.304 0.310 -0.066 710.8 80.7
02.06.2022 02:10:55 7.259 3.362 4.5 -3.313 0.258 -0.021 710.8 80.2
02.06.2022 02:11:55 7.250 4.394 353.7 -4.352 -0.484 0.293 710.8 80.0
02.06.2022 02:12:55 7.317 4.046 356.1 -4.017 -0.273 0.152 710.8 79.7
02.06.2022 02:13:55 7.300 4.084 356.5 -4.057 -0.250 0.138 710.8 79.5
02.06.2022 02:14:55 7.350 3.708 3.8 -3.666 0.245 -0.047 710.8 79.4
02.06.2022 02:15:55 7.133 3.295 6.3 -3.237 0.355 0.029 710.8 79.4
02.06.2022 02:16:55 7.167 3.410 5.3 -3.360 0.314 -0.070 710.8 79.6
02.06.2022 02:17:56 7.141 3.856 357.9 -3.826 -0.140 0.016 710.8 79.6
02.06.2022 02:18:56 6.656 4.950 348.8 -4.837 -0.962 0.696 710.8 80.1
02.06.2022 02:19:56 6.589 5.511 339.8 -5.167 -1.903 1.077 710.8 81.3
02.06.2022 02:20:56 6.504 5.777 334.0 -5.189 -2.526 1.352 710.7 81.8
02.06.2022 02:21:56 6.473 5.789 328.4 -4.928 -3.032 1.459 710.6 82.2
02.06.2022 02:22:56 6.458 5.586 326.6 -4.661 -3.075 1.444 710.5 82.7
02.06.2022 02:23:56 6.514 5.596 329.1 -4.799 -2.870 1.365 710.5 82.8
02.06.2022 02:24:56 5.660 4.682 355.1 -4.473 -0.381 0.478 710.7 83.0
02.06.2022 02:25:57 5.537 3.866 5.4 -3.792 0.355 0.081 710.8 85.0
02.06.2022 02:26:57 5.638 4.041 8.8 -3.943 0.611 0.095 710.8 86.1
02.06.2022 02:27:57 5.894 4.731 6.1 -4.654 0.500 0.057 710.8 86.7
02.06.2022 02:28:57 5.951 5.213 356.9 -5.173 -0.283 0.207 710.8 86.6
02.06.2022 02:29:57 6.048 4.821 0.4 -4.762 0.033 0.212 710.8 86.3
02.06.2022 02:30:57 6.599 6.031 353.4 -5.971 -0.694 0.457 710.8 85.7
02.06.2022 02:31:57 6.428 6.600 351.3 -6.509 -1.002 0.726 710.8 84.3
02.06.2022 02:32:58 6.412 6.383 349.8 -6.271 -1.130 0.755 710.8 84.0
02.06.2022 02:33:58 6.362 6.283 350.2 -6.178 -1.064 0.764 710.8 84.1
02.06.2022 02:34:58 6.304 5.588 349.3 -5.477 -1.035 0.674 710.8 84.1
02.06.2022 02:35:58 6.348 6.020 350.8 -5.929 -0.963 0.658 710.8 84.3
02.06.2022 02:36:58 5.874 6.493 350.7 -6.401 -1.044 0.721 710.8 84.8
02.06.2022 02:37:58 5.741 6.420 351.7 -6.337 -0.922 0.723 710.8 86.3
02.06.2022 02:38:58 6.068 5.806 354.8 -5.767 -0.528 0.385 710.8 87.8
02.06.2022 02:39:58 6.325 5.386 357.9 -5.340 -0.196 0.139 710.8 87.4
02.06.2022 02:40:59 6.474 5.706 353.1 -5.649 -0.687 0.463 710.8 86.0
02.06.2022 02:41:59 6.454 4.488 359.5 -4.451 -0.037 0.032 710.8 85.5
02.06.2022 02:42:59 6.644 4.716 359.7 -4.683 -0.023 -0.029 710.8 86.1
02.06.2022 02:43:59 6.796 4.646 4.4 -4.575 0.355 0.068 710.8 85.5
02.06.2022 02:44:59 6.387 4.183 7.7 -4.093 0.554 0.081 710.8 85.2
02.06.2022 02:45:59 5.948 4.083 17.2 -3.864 1.196 0.256 710.8 86.0
02.06.2022 02:46:59 6.338 4.995 19.9 -4.657 1.687 0.296 710.8 86.8
02.06.2022 02:48:00 6.635 4.774 19.0 -4.460 1.537 0.211 710.8 87.0
02.06.2022 02:49:00 6.469 4.278 14.0 -4.096 1.021 0.158 710.8 86.3
02.06.2022 02:50:00 5.896 4.136 10.3 -4.027 0.735 0.123 710.8 87.3
02.06.2022 02:51:00 5.847 4.063 14.5 -3.859 1.000 0.323 710.8 88.3
02.06.2022 02:52:00 6.821 4.186 15.0 -3.979 1.063 0.181 710.8 88.0
02.06.2022 02:53:00 6.297 4.348 3.4 -4.264 0.252 0.167 710.8 86.7
02.06.2022 02:54:00 6.537 4.355 3.1 -4.299 0.232 0.024 710.8 86.7
02.06.2022 02:55:00 6.216 4.232 5.7 -4.173 0.418 -0.102 710.8 86.6
02.06.2022 02:56:01 6.388 4.065 11.2 -3.924 0.774 0.142 710.8 87.1
02.06.2022 02:57:01 6.608 4.124 8.6 -4.028 0.608 0.010 710.8 86.9
02.06.2022 02:58:01 6.741 3.901 6.0 -3.835 0.406 0.031 710.9 86.2
02.06.2022 02:59:01 7.147 4.273 3.4 -4.226 0.249 -0.089 710.9 85.6
02.06.2022 03:00:01 7.224 4.612 359.0 -4.583 -0.083 0.035 711.1 84.3
02.06.2022 03:01:01 7.085 4.864 358.1 -4.834 -0.161 0.094 711.1 83.2
02.06.2022 03:02:01 7.126 5.005 357.7 -4.974 -0.197 0.067 711.1 82.6
02.06.2022 03:03:01 6.982 5.417 0.1 -5.381 0.009 -0.098 711.1 82.3
02.06.2022 03:04:02 6.579 6.381 355.2 -6.335 -0.534 0.433 711.1 82.3
02.06.2022 03:05:02 6.291 7.260 352.5 -7.180 -0.942 0.746 711.0 83.2
02.06.2022 03:06:02 5.996 7.444 352.2 -7.357 -1.008 0.840 710.9 84.8
02.06.2022 03:07:02 5.597 7.473 351.4 -7.372 -1.112 0.832 710.9 86.3
02.06.2022 03:08:02 5.947 7.406 352.8 -7.333 -0.928 0.784 710.8 87.8
02.06.2022 03:09:02 6.305 6.882 354.7 -6.835 -0.630 0.472 710.8 87.5
02.06.2022 03:10:02 5.844 6.396 359.9 -6.369 -0.011 -0.007 710.9 86.5
02.06.2022 03:11:02 5.735 6.350 359.2 -6.322 -0.088 0.041 710.9 87.2
02.06.2022 03:12:03 5.955 5.809 0.9 -5.771 0.093 -0.030 710.9 87.7
02.06.2022 03:13:03 5.872 4.959 6.3 -4.892 0.536 -0.100 710.8 87.6
02.06.2022 03:14:03 6.209 4.657 5.5 -4.596 0.439 -0.051 710.8 87.6
02.06.2022 03:15:03 5.695 4.717 3.7 -4.664 0.302 -0.046 710.8 87.2
02.06.2022 03:16:03 6.373 5.861 0.8 -5.824 0.078 -0.029 710.8 87.4
02.06.2022 03:17:03 6.208 5.761 2.2 -5.716 0.218 -0.095 710.8 86.6
02.06.2022 03:18:03 6.677 5.353 2.2 -5.313 0.201 -0.109 710.8 86.0
02.06.2022 03:19:03 6.774 4.632 1.5 -4.585 0.120 0.014 710.8 84.7
02.06.2022 03:20:04 7.010 4.680 356.9 -4.649 -0.249 0.163 710.7 83.8
02.06.2022 03:21:04 7.200 3.913 360.0 -3.842 -0.003 0.137 710.7 82.4
02.06.2022 03:22:04 7.063 3.998 352.9 -3.944 -0.493 0.301 710.6 81.7
02.06.2022 03:23:04 7.121 3.579 351.3 -3.521 -0.536 0.268 710.5 81.0
02.06.2022 03:24:04 7.096 3.944 352.6 -3.903 -0.509 0.316 710.5 80.7
02.06.2022 03:25:04 6.925 3.242 1.0 -3.195 0.056 0.036 710.5 80.7
02.06.2022 03:26:04 6.878 2.919 4.7 -2.875 0.237 0.004 710.5 81.0
02.06.2022 03:27:04 6.850 2.852 5.8 -2.788 0.282 0.032 710.5 80.9
02.06.2022 03:28:05 6.557 3.508 4.1 -3.454 0.248 -0.002 710.5 81.4
02.06.2022 03:29:05 6.776 3.978 2.2 -3.940 0.153 -0.043 710.5 81.8
02.06.2022 03:30:05 7.036 4.331 351.5 -4.265 -0.634 0.314 710.6 81.4
02.06.2022 03:31:05 6.821 4.501 351.8 -4.435 -0.638 0.368 710.6 80.7
02.06.2022 03:32:05 6.986 4.392 350.2 -4.316 -0.746 0.443 710.6 80.8
02.06.2022 03:33:05 6.773 4.174 346.3 -4.039 -0.981 0.589 710.5 80.4
02.06.2022 03:34:05 6.839 4.035 346.3 -3.906 -0.952 0.501 710.5 80.7
02.06.2022 03:35:05 6.800 4.874 341.3 -4.607 -1.563 0.806 710.5 80.6
02.06.2022 03:36:06 6.623 5.010 336.3 -4.587 -2.009 0.949 710.5 80.7
02.06.2022 03:37:06 6.822 5.088 341.6 -4.823 -1.606 0.837 710.5 80.9
02.06.2022 03:38:06 6.693 5.067 332.8 -4.505 -2.311 1.082 710.5 80.6
02.06.2022 03:39:06 6.610 4.891 333.3 -4.364 -2.194 0.997 710.5 80.7
02.06.2022 03:40:06 6.609 4.950 323.1 -3.954 -2.969 1.218 710.5 81.0
02.06.2022 03:41:06 6.409 4.772 325.2 -3.915 -2.717 1.097 710.5 81.6
02.06.2022 03:42:06 6.376 5.025 326.3 -4.170 -2.785 1.190 710.5 82.1
02.06.2022 03:43:06 6.085 4.957 324.7 -4.022 -2.853 1.139 710.5 82.7
02.06.2022 03:44:07 6.251 4.832 317.2 -3.525 -3.268 1.251 710.5 83.9
02.06.2022 03:45:07 6.629 4.890 314.2 -3.404 -3.495 1.397 710.5 83.3
02.06.2022 03:46:07 6.510 4.823 317.4 -3.548 -3.261 1.267 710.5 82.8
02.06.2022 03:47:07 6.680 4.823 314.7 -3.388 -3.427 1.338 710.5 83.1
02.06.2022 03:48:07 6.794 4.852 314.0 -3.371 -3.485 1.427 710.5 82.3
02.06.2022 03:49:07 6.551 5.058 311.7 -3.364 -3.772 1.557 710.5 82.0
02.06.2022 03:50:07 6.348 4.837 310.6 -3.139 -3.658 1.522 710.5 82.7
02.06.2022 03:51:07 5.928 4.538 314.0 -3.148 -3.263 1.320 710.5 84.2
02.06.2022 03:52:08 6.080 4.343 311.7 -2.885 -3.243 1.319 710.5 85.6
02.06.2022 03:53:08 5.864 4.173 314.2 -2.907 -2.986 1.162 710.5 85.6
02.06.2022 03:54:08 5.837 3.997 318.8 -3.004 -2.634 0.979 710.5 86.4
02.06.2022 03:55:08 5.923 3.742 319.8 -2.855 -2.416 0.881 710.5 86.8
02.06.2022 03:56:08 5.681 3.663 323.8 -2.948 -2.161 0.818 710.5 87.0
02.06.2022 03:57:08 5.443 3.549 333.0 -3.159 -1.611 0.622 710.5 87.8
02.06.2022 03:58:08 5.493 3.060 338.6 -2.845 -1.118 0.439 710.5 88.6
02.06.2022 03:59:08 5.511 2.931 343.4 -2.804 -0.834 0.337 710.4 88.8
02.06.2022 04:00:09 5.713 2.391 351.3 -2.357 -0.359 0.117 710.3 89.0
02.06.2022 04:01:09 5.641 1.727 6.5 -1.683 0.192 -0.079 710.2 89.1
02.06.2022 04:02:09 5.671 1.719 10.7 -1.660 0.313 -0.098 710.2 89.2
02.06.2022 04:03:09 5.661 1.774 19.3 -1.638 0.574 -0.058 710.2 89.2
02.06.2022 04:04:09 5.626 2.035 28.7 -1.769 0.968 0.007 710.2 89.1
02.06.2022 04:05:09 5.702 2.199 30.3 -1.890 1.103 0.072 710.2 89.1
02.06.2022 04:06:09 5.743 2.082 34.3 -1.713 1.169 0.075 710.1 89.1
02.06.2022 04:07:09 5.862 2.160 40.1 -1.650 1.389 -0.056 710.0 88.9
02.06.2022 04:08:10 6.005 2.396 47.6 -1.612 1.764 -0.076 709.9 88.3
02.06.2022 04:09:10 6.078 1.922 55.9 -1.076 1.587 -0.130 709.9 87.7
02.06.2022 04:10:10 5.947 1.391 58.7 -0.715 1.178 -0.093 709.9 87.6
02.06.2022 04:11:10 5.803 1.118 58.2 -0.566 0.913 -0.091 709.9 87.4
02.06.2022 04:12:10 5.398 0.894 37.9 -0.698 0.543 0.035 709.9 88.3
02.06.2022 04:13:10 5.337 0.876 37.8 -0.684 0.530 0.058 709.9 88.7
02.06.2022 04:14:10 5.406 0.941 38.1 -0.731 0.573 0.018 709.9 89.1
02.06.2022 04:15:10 5.306 1.268 37.5 -1.000 0.767 0.005 709.9 89.1
02.06.2022 04:16:11 5.480 1.359 42.1 -0.999 0.904 -0.006 709.9 89.3
02.06.2022 04:17:11 5.557 1.395 35.5 -1.122 0.801 0.029 709.9 89.4
02.06.2022 04:18:11 5.574 1.193 30.9 -1.009 0.603 0.055 709.9 89.5
02.06.2022 04:19:11 5.548 0.846 36.6 -0.659 0.489 0.089 709.9 89.6
02.06.2022 04:20:11 5.564 1.128 36.7 -0.883 0.658 0.040 709.9 89.6
02.06.2022 04:21:11 5.535 0.854 33.2 -0.693 0.454 0.107 709.8 89.7
02.06.2022 04:22:11 5.660 1.300 51.4 -0.794 0.994 -0.060 709.8 89.7
02.06.2022 04:23:11 5.605 1.465 47.1 -0.990 1.066 -0.010 709.8 89.2
02.06.2022 04:24:12 5.412 1.575 38.5 -1.222 0.974 0.049 709.8 89.3
02.06.2022 04:25:12 5.311 1.970 33.4 -1.635 1.079 0.101 709.9 89.7
02.06.2022 04:26:12 5.610 2.039 32.6 -1.700 1.087 0.012 709.9 89.8
02.06.2022 04:27:12 5.711 2.708 30.2 -2.323 1.354 0.124 709.9 89.6
02.06.2022 04:28:12 5.881 3.129 26.8 -2.779 1.402 0.111 709.9 89.0
02.06.2022 04:29:12 5.941 3.335 27.7 -2.946 1.548 0.128 709.9 88.5
02.06.2022 04:30:12 6.191 2.759 26.9 -2.446 1.241 0.112 709.9 88.1
02.06.2022 04:31:12 6.434 2.483 16.9 -2.338 0.712 0.038 709.9 87.3
02.06.2022 04:32:13 6.554 1.997 10.3 -1.930 0.351 -0.031 709.9 86.5
02.06.2022 04:33:13 6.628 2.214 11.8 -2.128 0.446 -0.036 709.9 85.9
02.06.2022 04:34:13 6.211 2.135 8.1 -2.073 0.297 0.033 709.9 85.5
02.06.2022 04:35:13 6.003 2.264 7.2 -2.208 0.281 -0.011 709.9 85.8
02.06.2022 04:36:13 6.105 2.197 7.0 -2.150 0.264 -0.065 709.9 86.1
02.06.2022 04:37:13 6.220 2.123 12.4 -2.038 0.447 -0.032 709.9 86.1
02.06.2022 04:38:13 6.279 1.991 26.4 -1.768 0.878 0.010 709.8 85.9
02.06.2022 04:39:13 6.257 1.683 20.8 -1.563 0.594 -0.033 709.6 85.7
02.06.2022 04:40:14 6.395 1.388 12.7 -1.327 0.299 -0.046 709.6 85.5
02.06.2022 04:41:14 6.200 1.728 35.1 -1.390 0.977 -0.007 709.6 85.5
02.06.2022 04:42:14 6.178 1.519 33.3 -1.240 0.814 -0.033 709.6 85.4
02.06.2022 04:43:14 6.159 1.380 40.9 -1.022 0.886 -0.006 709.6 85.7
02.06.2022 04:44:14 6.232 1.361 32.9 -1.117 0.721 -0.035 709.6 85.5
02.06.2022 04:45:14 6.379 1.067 29.4 -0.906 0.510 -0.047 709.6 85.7
02.06.2022 04:46:14 6.269 0.966 27.9 -0.834 0.441 -0.013 709.6 85.7
02.06.2022 04:47:14 6.191 0.859 7.4 -0.826 0.108 -0.056 709.6 85.5
02.06.2022 04:48:15 6.209 1.057 1.0 -1.032 0.018 -0.075 709.6 85.5
02.06.2022 04:49:15 6.196 1.225 355.3 -1.212 -0.099 -0.043 709.6 85.4
02.06.2022 04:50:15 6.017 1.675 352.6 -1.652 -0.215 0.054 709.6 85.5
02.06.2022 04:51:15 5.927 1.946 347.1 -1.885 -0.432 0.214 709.6 85.8
02.06.2022 04:52:15 5.975 2.252 345.0 -2.165 -0.581 0.252 709.6 86.1
02.06.2022 04:53:15 5.709 2.446 343.0 -2.330 -0.713 0.379 709.5 86.2
02.06.2022 04:54:15 5.541 2.497 338.2 -2.306 -0.924 0.586 709.4 87.0
02.06.2022 04:55:15 5.667 1.950 345.7 -1.878 -0.480 0.269 709.3 87.6
02.06.2022 04:56:16 5.690 1.880 337.6 -1.727 -0.711 0.269 709.3 87.8
02.06.2022 04:57:16 5.873 1.998 347.8 -1.946 -0.421 0.158 709.3 87.8
02.06.2022 04:58:16 5.504 2.752 347.3 -2.670 -0.601 0.410 709.5 87.9
02.06.2022 04:59:16 5.799 3.336 353.6 -3.304 -0.369 0.176 709.6 88.3
02.06.2022 05:00:16 5.787 3.783 356.3 -3.758 -0.243 0.147 709.6 88.1
02.06.2022 05:01:16 5.760 4.726 355.1 -4.691 -0.406 0.261 709.6 88.2
02.06.2022 05:02:16 5.604 5.838 353.7 -5.790 -0.639 0.466 709.7 88.5
02.06.2022 05:03:16 5.639 6.711 352.8 -6.642 -0.841 0.690 709.7 88.7
02.06.2022 05:04:17 5.863 6.760 353.2 -6.697 -0.794 0.676 709.8 88.5
02.06.2022 05:05:17 6.025 6.452 353.4 -6.395 -0.744 0.575 709.9 87.7
02.06.2022 05:06:17 6.167 6.071 352.9 -6.012 -0.747 0.556 709.9 87.3
02.06.2022 05:07:17 5.899 6.448 348.3 -6.300 -1.301 0.862 709.9 86.7
02.06.2022 05:08:17 5.701 6.903 342.5 -6.579 -2.071 1.144 709.9 87.6
02.06.2022 05:09:17 5.760 6.665 341.8 -6.328 -2.085 1.125 709.9 87.9
02.06.2022 05:10:17 5.924 6.169 340.6 -5.819 -2.044 1.054 709.9 87.8
02.06.2022 05:11:17 6.095 5.624 342.9 -5.366 -1.650 0.854 709.9 87.0
02.06.2022 05:12:18 6.189 5.303 349.1 -5.202 -1.000 0.650 709.9 86.5
02.06.2022 05:13:18 6.327 4.858 351.9 -4.801 -0.687 0.490 709.8 86.0
02.06.2022 05:14:18 6.381 4.490 352.8 -4.447 -0.561 0.380 709.7 85.6
02.06.2022 05:15:18 6.435 4.179 353.4 -4.142 -0.477 0.313 709.6 85.3
02.06.2022 05:16:18 6.390 4.242 351.6 -4.191 -0.615 0.407 709.6 85.1
02.06.2022 05:17:18 6.367 4.097 350.9 -4.041 -0.650 0.406 709.6 85.0
02.06.2022 05:18:18 6.368 3.882 348.3 -3.794 -0.785 0.478 709.5 84.9
02.06.2022 05:19:18 6.326 3.630 349.4 -3.562 -0.666 0.409 709.3 85.0
02.06.2022 05:20:19 6.351 3.260 349.0 -3.192 -0.618 0.374 709.3 85.0
02.06.2022 05:21:19 6.405 3.250 352.7 -3.219 -0.414 0.275 709.3 85.1
02.06.2022 05:22:19 6.451 3.183 353.5 -3.158 -0.359 0.229 709.3 84.9
02.06.2022 05:23:19 6.453 3.208 353.6 -3.182 -0.355 0.219 709.3 84.9
02.06.2022 05:24:19 6.485 3.345 353.6 -3.318 -0.373 0.227 709.3 84.8
02.06.2022 05:25:19 6.542 2.926 358.5 -2.903 -0.078 0.012 709.3 84.6
02.06.2022 05:26:19 6.533 2.279 6.7 -2.238 0.264 -0.072 709.3 84.5
02.06.2022 05:27:19 6.544 1.973 10.5 -1.915 0.354 -0.051 709.3 84.5
02.06.2022 05:28:20 6.587 1.705 7.8 -1.669 0.228 -0.101 709.3 84.4
02.06.2022 05:29:20 6.648 1.674 4.9 -1.645 0.142 -0.098 709.3 84.3
02.06.2022 05:30:20 6.692 1.852 3.5 -1.832 0.114 -0.128 709.5 84.0
02.06.2022 05:31:20 6.517 1.874 7.4 -1.832 0.237 -0.100 709.6 84.0
02.06.2022 05:32:20 6.505 2.068 8.0 -2.007 0.281 -0.112 709.6 84.2
02.06.2022 05:33:20 6.467 2.096 2.9 -2.063 0.106 -0.050 709.5 84.3
02.06.2022 05:34:20 6.536 2.112 356.8 -2.093 -0.116 -0.010 709.6 84.3
02.06.2022 05:35:20 6.522 1.989 1.2 -1.967 0.042 -0.121 709.6 84.3
02.06.2022 05:36:21 6.183 1.959 8.4 -1.907 0.281 -0.065 709.6 84.5
02.06.2022 05:37:21 5.915 2.461 23.1 -2.243 0.955 0.008 709.5 85.2
02.06.2022 05:38:21 5.903 2.180 26.9 -1.935 0.982 -0.011 709.3 85.9
02.06.2022 05:39:21 5.924 1.900 24.0 -1.720 0.765 -0.045 709.4 86.3
02.06.2022 05:40:21 5.992 1.574 19.1 -1.465 0.506 -0.087 709.4 86.5
02.06.2022 05:41:21 6.016 1.934 26.2 -1.728 0.850 -0.025 709.3 86.5
02.06.2022 05:42:21 5.979 1.849 26.3 -1.642 0.813 -0.009 709.4 86.6
02.06.2022 05:43:21 5.992 1.615 17.2 -1.517 0.468 -0.058 709.5 86.7
02.06.2022 05:44:22 5.245 2.532 354.7 -2.502 -0.232 0.121 709.5 87.2
02.06.2022 05:45:22 5.627 2.366 352.9 -2.325 -0.291 0.130 709.4 88.3
02.06.2022 05:46:22 5.810 2.233 353.6 -2.209 -0.249 0.069 709.3 88.5
02.06.2022 05:47:22 5.868 1.453 355.1 -1.435 -0.124 0.011 709.3 88.2
02.06.2022 05:48:22 5.727 1.350 342.3 -1.278 -0.409 0.146 709.3 88.1
02.06.2022 05:49:22 5.245 1.931 321.1 -1.494 -1.203 0.552 709.5 88.6
02.06.2022 05:50:22 5.600 1.847 312.5 -1.247 -1.359 0.559 709.5 89.6
02.06.2022 05:51:22 5.243 2.462 312.3 -1.650 -1.816 0.764 709.4 89.6
02.06.2022 05:52:23 5.203 2.599 298.1 -1.222 -2.286 0.956 709.5 90.7
02.06.2022 05:53:23 5.150 2.187 290.4 -0.759 -2.040 0.743 709.6 91.4
02.06.2022 05:54:23 5.353 2.392 285.9 -0.655 -2.295 0.897 709.6 91.8
02.06.2022 05:55:23 5.668 2.236 279.3 -0.359 -2.203 1.201 709.6 91.5
02.06.2022 05:56:23 5.525 1.822 265.7 0.135 -1.812 0.775 709.6 90.8
02.06.2022 05:57:23 5.266 1.961 258.4 0.393 -1.916 0.653 709.6 91.0
02.06.2022 05:58:23 5.148 1.971 244.2 0.857 -1.772 0.718 709.6 91.6
02.06.2022 05:59:23 5.348 2.236 246.1 0.905 -2.044 0.714 709.6 92.1
02.06.2022 06:00:24 5.291 2.241 245.6 0.925 -2.039 0.825 709.6 92.4
02.06.2022 06:01:24 5.403 2.324 244.5 0.999 -2.097 0.813 709.6 92.7
02.06.2022 06:02:24 5.448 2.516 247.4 0.965 -2.321 0.741 709.6 92.9
02.06.2022 06:03:24 5.624 2.564 248.0 0.961 -2.374 0.844 709.6 92.8
02.06.2022 06:04:24 5.371 2.232 249.9 0.765 -2.095 0.718 709.6 92.6
02.06.2022 06:05:24 5.430 2.111 248.9 0.761 -1.967 0.562 709.6 92.7
02.06.2022 06:06:24 5.547 2.023 246.9 0.794 -1.859 0.440 709.6 92.8
02.06.2022 06:07:24 5.593 2.086 248.8 0.754 -1.945 0.402 709.5 92.6
02.06.2022 06:08:25 5.466 1.885 248.1 0.701 -1.747 0.356 709.4 92.4
02.06.2022 06:09:25 5.469 1.879 249.4 0.659 -1.758 0.423 709.3 92.2
02.06.2022 06:10:25 5.676 2.074 250.4 0.695 -1.953 0.372 709.3 92.3
02.06.2022 06:11:25 5.776 2.182 253.9 0.606 -2.093 0.492 709.3 92.1
02.06.2022 06:12:25 5.977 2.241 259.1 0.424 -2.200 0.571 709.3 91.7
02.06.2022 06:13:25 5.878 2.202 263.9 0.235 -2.189 0.559 709.3 91.1
02.06.2022 06:14:25 5.716 2.428 262.0 0.336 -2.404 0.647 709.4 91.0
02.06.2022 06:15:25 6.120 2.561 262.5 0.336 -2.538 0.776 709.3 91.2
02.06.2022 06:16:26 6.005 2.372 264.6 0.225 -2.360 0.749 709.3 90.6
02.06.2022 06:17:26 5.938 2.294 263.5 0.259 -2.279 0.644 709.3 90.3
02.06.2022 06:18:26 5.881 2.220 259.8 0.392 -2.185 0.563 709.3 90.4
02.06.2022 06:19:26 5.862 2.189 259.7 0.392 -2.153 0.500 709.3 90.6
02.06.2022 06:20:26 5.725 2.075 258.7 0.407 -2.034 0.450 709.3 90.7
02.06.2022 06:21:26 5.541 1.988 258.8 0.387 -1.948 0.378 709.3 90.9
02.06.2022 06:22:26 5.912 2.202 262.4 0.291 -2.180 0.439 709.3 91.3
02.06.2022 06:23:26 5.731 2.135 268.6 0.051 -2.132 0.431 709.3 91.1
02.06.2022 06:24:27 5.927 2.171 273.6 -0.137 -2.165 0.428 709.3 91.4
02.06.2022 06:25:27 5.806 2.125 273.9 -0.145 -2.119 0.414 709.3 91.3
02.06.2022 06:26:27 5.975 2.228 272.9 -0.114 -2.225 0.446 709.3 91.1
02.06.2022 06:27:27 6.129 2.118 268.2 0.067 -2.116 0.525 709.3 90.9
02.06.2022 06:28:27 6.188 2.168 272.1 -0.079 -2.166 0.522 709.3 90.5
02.06.2022 06:29:27 6.225 2.131 274.1 -0.151 -2.125 0.554 709.3 90.2
02.06.2022 06:30:27 6.115 2.155 272.8 -0.105 -2.152 0.533 709.3 89.8
02.06.2022 06:31:27 5.893 2.126 276.5 -0.241 -2.111 0.558 709.3 89.6
02.06.2022 06:32:28 5.836 1.995 281.6 -0.401 -1.952 0.588 709.3 89.9
02.06.2022 06:33:28 5.945 2.108 286.8 -0.608 -2.017 0.574 709.3 90.1
02.06.2022 06:34:28 6.064 2.099 286.2 -0.586 -2.015 0.688 709.3 90.4
02.06.2022 06:35:28 5.962 2.102 288.0 -0.648 -1.998 0.733 709.3 90.2
02.06.2022 06:36:28 5.993 2.048 284.9 -0.526 -1.978 0.675 709.3 90.3
02.06.2022 06:37:28 6.087 2.082 281.7 -0.422 -2.038 0.596 709.3 90.3
02.06.2022 06:38:28 6.115 2.105 282.3 -0.447 -2.057 0.727 709.3 90.2
02.06.2022 06:39:28 6.266 2.165 287.6 -0.655 -2.061 0.827 709.3 90.0
02.06.2022 06:40:29 6.302 2.153 290.7 -0.760 -2.013 0.905 709.4 89.6
02.06.2022 06:41:29 6.222 2.300 292.3 -0.872 -2.124 0.858 709.4 89.0
02.06.2022 06:42:29 6.242 2.096 287.7 -0.636 -1.995 0.895 709.4 88.8
02.06.2022 06:43:29 6.143 2.077 287.1 -0.609 -1.985 0.840 709.5 88.4
02.06.2022 06:44:29 5.966 2.080 288.4 -0.658 -1.972 0.558 709.4 89.0
02.06.2022 06:45:29 5.863 2.237 292.9 -0.871 -2.059 0.605 709.4 89.4
02.06.2022 06:46:29 5.898 2.335 295.9 -1.019 -2.098 0.750 709.4 90.1
02.06.2022 06:47:29 5.770 2.459 295.2 -1.047 -2.222 0.839 709.6 90.4
02.06.2022 06:48:30 5.924 2.564 295.2 -1.091 -2.319 0.797 709.6 90.9
02.06.2022 06:49:30 5.843 2.429 295.0 -1.027 -2.198 0.641 709.6 91.0
02.06.2022 06:50:30 5.963 2.432 291.9 -0.906 -2.248 0.854 709.6 90.9
02.06.2022 06:51:30 5.907 2.302 287.9 -0.707 -2.187 1.062 709.5 90.8
02.06.2022 06:52:30 6.022 2.083 282.2 -0.440 -2.033 1.028 709.5 90.8
02.06.2022 06:53:30 6.252 2.079 276.0 -0.216 -2.065 1.002 709.4 90.5
02.06.2022 06:54:30 6.046 2.237 271.6 -0.061 -2.230 0.932 709.4 90.1
02.06.2022 06:55:30 6.121 2.046 278.4 -0.293 -1.990 1.137 709.5 90.3
02.06.2022 06:56:31 5.563 1.723 289.0 -0.558 -1.619 0.952 709.4 90.1
02.06.2022 06:57:31 6.218 1.893 291.0 -0.677 -1.762 1.050 709.4 90.4
02.06.2022 06:58:31 6.673 1.360 277.8 -0.183 -1.338 0.836 709.4 88.8
02.06.2022 06:59:31 6.463 1.131 296.7 -0.498 -0.989 0.478 709.4 87.4
02.06.2022 07:00:31 6.075 1.094 303.8 -0.596 -0.892 0.198 709.4 87.1
02.06.2022 07:01:31 6.036 0.910 286.1 -0.250 -0.868 0.285 709.4 87.5
02.06.2022 07:02:31 6.015 0.941 299.8 -0.455 -0.796 0.291 709.3 87.9
02.06.2022 07:03:32 6.099 0.904 331.3 -0.753 -0.413 0.178 709.3 87.6
02.06.2022 07:04:32 5.447 0.842 38.5 -0.650 0.518 -0.008 709.3 87.8
02.06.2022 07:05:32 5.243 1.326 25.5 -1.184 0.564 0.015 709.3 88.2
02.06.2022 07:06:32 5.326 1.073 12.9 -1.010 0.231 -0.031 709.3 88.6
02.06.2022 07:07:32 5.800 1.336 338.5 -1.235 -0.486 0.252 709.3 88.6
02.06.2022 07:08:32 5.538 1.593 349.1 -1.561 -0.300 0.065 709.3 88.7
02.06.2022 07:09:32 -1.314 3.893 320.8 -1.770 -1.444 -1.020 708.8 88.4
02.06.2022 07:14:33 -13.156 1.947 294.9 -0.817 -1.764 0.706 709.9 91.0
02.06.2022 07:15:33 -13.156 1.678 280.3 -0.298 -1.641 0.706 709.8 91.8
02.06.2022 07:16:33 -13.156 1.671 267.2 0.083 -1.667 0.540 709.6 92.1
02.06.2022 07:17:33 -13.156 1.690 265.7 0.126 -1.684 0.547 709.6 92.1
02.06.2022 07:18:33 -13.156 2.112 273.5 -0.130 -2.101 0.717 709.6 92.3
02.06.2022 07:19:34 -13.156 2.399 275.9 -0.245 -2.380 0.955 709.4 92.8
02.06.2022 07:20:34 -13.156 2.096 273.6 -0.131 -2.090 0.879 709.3 92.8
02.06.2022 07:21:34 -13.156 2.025 275.7 -0.202 -2.007 0.737 709.3 92.8
02.06.2022 07:22:34 -13.156 2.141 282.9 -0.479 -2.086 0.819 709.3 93.3
02.06.2022 07:23:34 -13.156 2.027 288.1 -0.630 -1.923 0.836 709.3 93.9
02.06.2022 07:24:34 -13.156 1.986 288.8 -0.640 -1.877 0.662 709.3 94.0
02.06.2022 07:25:34 -13.156 1.853 293.7 -0.742 -1.691 0.562 709.3 93.8
